STAGE 3.1 - DETAILED PER-CLASS PERFORMANCE - AlexNet
======================================================================

OVERALL METRICS
----------------------------------------------------------------------
Top-1 Accuracy: 0.9936 (99.36%%)
Top-5 Accuracy: 0.9994 (99.94%%)
Test Set Size:  3600 images
Num Classes:    36

              precision    recall  f1-score   support

           0     1.0000    0.9900    0.9950       100
           1     0.9901    1.0000    0.9950       100
           2     0.9412    0.9600    0.9505       100
           3     1.0000    1.0000    1.0000       100
           4     1.0000    1.0000    1.0000       100
           5     1.0000    1.0000    1.0000       100
           6     0.9901    1.0000    0.9950       100
           7     1.0000    1.0000    1.0000       100
           8     1.0000    1.0000    1.0000       100
           9     1.0000    1.0000    1.0000       100
           A     1.0000    1.0000    1.0000       100
           B     1.0000    1.0000    1.0000       100
           C     1.0000    1.0000    1.0000       100
           D     0.9901    1.0000    0.9950       100
           E     1.0000    1.0000    1.0000       100
           F     1.0000    1.0000    1.0000       100
           G     1.0000    1.0000    1.0000       100
           H     1.0000    1.0000    1.0000       100
           I     0.9901    1.0000    0.9950       100
           J     1.0000    0.9900    0.9950       100
           K     1.0000    0.9900    0.9950       100
           L     1.0000    0.9800    0.9899       100
           M     0.9901    1.0000    0.9950       100
           N     1.0000    0.9900    0.9950       100
           O     0.9900    0.9900    0.9900       100
           P     1.0000    1.0000    1.0000       100
           Q     0.9804    1.0000    0.9901       100
           R     1.0000    0.9900    0.9950       100
           S     0.9900    0.9900    0.9900       100
           T     1.0000    1.0000    1.0000       100
           U     0.9901    1.0000    0.9950       100
           V     0.9400    0.9400    0.9400       100
           W     0.9897    0.9600    0.9746       100
           X     1.0000    1.0000    1.0000       100
           Y     1.0000    1.0000    1.0000       100
           Z     1.0000    1.0000    1.0000       100

    accuracy                         0.9936      3600
   macro avg     0.9937    0.9936    0.9936      3600
weighted avg     0.9937    0.9936    0.9936      3600

