STAGE 3.1 - PER-CLASS PERFORMANCE - AlexNet (Frozen Base)
======================================================================
Top-1 Accuracy: 0.1811 (18.11%%)
Top-5 Accuracy: 0.5133 (51.33%%)
Test Set Size: 3600 | Num Classes: 36

              precision    recall  f1-score   support

           0     0.1097    0.6700    0.1885       100
           1     0.3065    0.1900    0.2346       100
           2     0.3125    0.0500    0.0862       100
           3     1.0000    0.0100    0.0198       100
           4     0.3582    0.2400    0.2874       100
           5     0.3038    0.4800    0.3721       100
           6     0.0769    0.0100    0.0177       100
           7     0.6000    0.0300    0.0571       100
           8     1.0000    0.0100    0.0198       100
           9     0.5385    0.0700    0.1239       100
           A     0.1790    0.7000    0.2851       100
           B     0.0909    0.0400    0.0556       100
           C     0.7619    0.1600    0.2645       100
           D     0.5833    0.0700    0.1250       100
           E     0.1176    0.0400    0.0597       100
           F     0.1641    0.3200    0.2169       100
           G     0.6262    0.6700    0.6473       100
           H     0.0000    0.0000    0.0000       100
           I     0.5556    0.0500    0.0917       100
           J     0.2800    0.1400    0.1867       100
           K     0.0932    0.3000    0.1422       100
           L     0.1021    0.5800    0.1737       100
           M     0.2569    0.2800    0.2679       100
           N     0.0588    0.0200    0.0299       100
           O     0.0000    0.0000    0.0000       100
           P     0.2083    0.3000    0.2459       100
           Q     0.4231    0.2200    0.2895       100
           R     0.0000    0.0000    0.0000       100
           S     0.1538    0.0400    0.0635       100
           T     0.2324    0.4300    0.3018       100
           U     0.0000    0.0000    0.0000       100
           V     0.0000    0.0000    0.0000       100
           W     0.0000    0.0000    0.0000       100
           X     0.2041    0.1000    0.1342       100
           Y     0.1189    0.2900    0.1686       100
           Z     0.0222    0.0100    0.0138       100

    accuracy                         0.1811      3600
   macro avg     0.2733    0.1811    0.1436      3600
weighted avg     0.2733    0.1811    0.1436      3600

