STAGE 3.1 - DETAILED PER-CLASS PERFORMANCE - EfficientNetV2-M
======================================================================

OVERALL METRICS
----------------------------------------------------------------------
Top-1 Accuracy: 0.9472 (94.72%%)
Top-5 Accuracy: 0.9947 (99.47%%)
Test Set Size:  3600 images
Num Classes:    36

              precision    recall  f1-score   support

           0     0.9899    0.9800    0.9849       100
           1     0.9700    0.9700    0.9700       100
           2     0.8830    0.8300    0.8557       100
           3     0.9804    1.0000    0.9901       100
           4     0.9515    0.9800    0.9655       100
           5     0.9703    0.9800    0.9751       100
           6     0.9000    0.9000    0.9000       100
           7     0.9479    0.9100    0.9286       100
           8     0.8785    0.9400    0.9082       100
           9     0.9794    0.9500    0.9645       100
           A     0.9694    0.9500    0.9596       100
           B     0.9216    0.9400    0.9307       100
           C     0.9709    1.0000    0.9852       100
           D     0.9700    0.9700    0.9700       100
           E     0.9787    0.9200    0.9485       100
           F     0.9333    0.9800    0.9561       100
           G     1.0000    1.0000    1.0000       100
           H     0.9804    1.0000    0.9901       100
           I     0.8704    0.9400    0.9038       100
           J     0.9792    0.9400    0.9592       100
           K     0.9118    0.9300    0.9208       100
           L     0.9697    0.9600    0.9648       100
           M     0.9785    0.9100    0.9430       100
           N     0.8571    0.9600    0.9057       100
           O     0.9804    1.0000    0.9901       100
           P     0.9900    0.9900    0.9900       100
           Q     0.9804    1.0000    0.9901       100
           R     0.9659    0.8500    0.9043       100
           S     0.9684    0.9200    0.9436       100
           T     0.9600    0.9600    0.9600       100
           U     0.8654    0.9000    0.8824       100
           V     0.8700    0.8700    0.8700       100
           W     0.9362    0.8800    0.9072       100
           X     0.9238    0.9700    0.9463       100
           Y     0.9600    0.9600    0.9600       100
           Z     0.9897    0.9600    0.9746       100

    accuracy                         0.9472      3600
   macro avg     0.9481    0.9472    0.9472      3600
weighted avg     0.9481    0.9472    0.9472      3600

