STAGE 3.1 - DETAILED PER-CLASS PERFORMANCE - MobileNetV3-Large
======================================================================

OVERALL METRICS
----------------------------------------------------------------------
Top-1 Accuracy: 0.9775 (97.75%%)
Top-5 Accuracy: 0.9989 (99.89%%)
Test Set Size:  3600 images
Num Classes:    36

              precision    recall  f1-score   support

           0     1.0000    1.0000    1.0000       100
           1     0.9706    0.9900    0.9802       100
           2     0.9400    0.9400    0.9400       100
           3     1.0000    1.0000    1.0000       100
           4     0.9796    0.9600    0.9697       100
           5     1.0000    0.9900    0.9950       100
           6     0.9429    0.9900    0.9659       100
           7     0.9798    0.9700    0.9749       100
           8     0.9706    0.9900    0.9802       100
           9     0.9800    0.9800    0.9800       100
           A     1.0000    0.9300    0.9637       100
           B     0.9694    0.9500    0.9596       100
           C     1.0000    0.9800    0.9899       100
           D     0.9899    0.9800    0.9849       100
           E     0.9709    1.0000    0.9852       100
           F     0.9615    1.0000    0.9804       100
           G     1.0000    1.0000    1.0000       100
           H     1.0000    1.0000    1.0000       100
           I     0.9600    0.9600    0.9600       100
           J     0.9900    0.9900    0.9900       100
           K     0.9703    0.9800    0.9751       100
           L     0.9898    0.9700    0.9798       100
           M     0.9709    1.0000    0.9852       100
           N     0.9709    1.0000    0.9852       100
           O     0.9901    1.0000    0.9950       100
           P     0.9804    1.0000    0.9901       100
           Q     1.0000    0.9900    0.9950       100
           R     0.9700    0.9700    0.9700       100
           S     0.9510    0.9700    0.9604       100
           T     0.9901    1.0000    0.9950       100
           U     0.9684    0.9200    0.9436       100
           V     0.9100    0.9100    0.9100       100
           W     0.9892    0.9200    0.9534       100
           X     0.9802    0.9900    0.9851       100
           Y     0.9700    0.9700    0.9700       100
           Z     0.9901    1.0000    0.9950       100

    accuracy                         0.9775      3600
   macro avg     0.9777    0.9775    0.9774      3600
weighted avg     0.9777    0.9775    0.9774      3600

