STAGE 3.1 - PER-CLASS PERFORMANCE - ResNet18 (Frozen Base)
======================================================================
Top-1 Accuracy: 0.1689 (16.89%%)
Top-5 Accuracy: 0.4828 (48.28%%)
Test Set Size: 3600 | Num Classes: 36

              precision    recall  f1-score   support

           0     0.1526    0.7600    0.2542       100
           1     0.1644    0.3700    0.2277       100
           2     0.0000    0.0000    0.0000       100
           3     0.8077    0.2100    0.3333       100
           4     0.0000    0.0000    0.0000       100
           5     0.5273    0.2900    0.3742       100
           6     0.0000    0.0000    0.0000       100
           7     0.0000    0.0000    0.0000       100
           8     0.0000    0.0000    0.0000       100
           9     0.1250    0.0300    0.0484       100
           A     0.1447    0.6900    0.2392       100
           B     0.1207    0.0700    0.0886       100
           C     0.7436    0.2900    0.4173       100
           D     0.4658    0.3400    0.3931       100
           E     0.1569    0.0800    0.1060       100
           F     0.1025    0.3700    0.1605       100
           G     0.6429    0.1800    0.2812       100
           H     0.0000    0.0000    0.0000       100
           I     0.6667    0.1200    0.2034       100
           J     0.0000    0.0000    0.0000       100
           K     0.0374    0.1700    0.0613       100
           L     0.1042    0.3700    0.1626       100
           M     0.2353    0.1200    0.1589       100
           N     0.2500    0.3400    0.2881       100
           O     0.0000    0.0000    0.0000       100
           P     0.2042    0.2900    0.2397       100
           Q     0.4717    0.2500    0.3268       100
           R     0.0000    0.0000    0.0000       100
           S     0.2500    0.0200    0.0370       100
           T     0.6154    0.1600    0.2540       100
           U     0.0000    0.0000    0.0000       100
           V     0.0000    0.0000    0.0000       100
           W     0.0000    0.0000    0.0000       100
           X     0.1239    0.2900    0.1737       100
           Y     0.1243    0.2200    0.1588       100
           Z     0.3125    0.0500    0.0862       100

    accuracy                         0.1689      3600
   macro avg     0.2097    0.1689    0.1409      3600
weighted avg     0.2097    0.1689    0.1409      3600

