STAGE 3.1 - DETAILED PER-CLASS PERFORMANCE - VGG19
======================================================================

OVERALL METRICS
----------------------------------------------------------------------
Top-1 Accuracy: 0.7992 (79.92%%)
Top-5 Accuracy: 0.9503 (95.03%%)
Test Set Size:  3600 images
Num Classes:    36

              precision    recall  f1-score   support

           0     0.9208    0.9300    0.9254       100
           1     0.8544    0.8800    0.8670       100
           2     0.5816    0.5700    0.5758       100
           3     0.9588    0.9300    0.9442       100
           4     0.9020    0.9200    0.9109       100
           5     0.9789    0.9300    0.9538       100
           6     0.7551    0.7400    0.7475       100
           7     0.8182    0.8100    0.8141       100
           8     0.8208    0.8700    0.8447       100
           9     0.9100    0.9100    0.9100       100
           A     0.7677    0.7600    0.7638       100
           B     0.6491    0.7400    0.6916       100
           C     0.8600    0.8600    0.8600       100
           D     1.0000    0.8000    0.8889       100
           E     0.8218    0.8300    0.8259       100
           F     0.7327    0.7400    0.7363       100
           G     0.9709    1.0000    0.9852       100
           H     0.8824    0.9000    0.8911       100
           I     0.5339    0.6300    0.5780       100
           J     0.8218    0.8300    0.8259       100
           K     0.7714    0.8100    0.7902       100
           L     0.8020    0.8100    0.8060       100
           M     0.7451    0.7600    0.7525       100
           N     0.6696    0.7700    0.7163       100
           O     0.8687    0.8600    0.8643       100
           P     0.8349    0.9100    0.8708       100
           Q     0.8812    0.8900    0.8856       100
           R     0.6585    0.8100    0.7265       100
           S     0.5593    0.6600    0.6055       100
           T     0.8981    0.9700    0.9327       100
           U     0.7397    0.5400    0.6243       100
           V     0.6061    0.2000    0.3008       100
           W     0.6860    0.5900    0.6344       100
           X     0.8750    0.9100    0.8922       100
           Y     0.8901    0.8100    0.8482       100
           Z     0.7807    0.8900    0.8318       100

    accuracy                         0.7992      3600
   macro avg     0.8002    0.7992    0.7950      3600
weighted avg     0.8002    0.7992    0.7950      3600

