STAGE 3.1 - DETAILED PER-CLASS PERFORMANCE - MobileNetV3-Small
======================================================================

OVERALL METRICS
----------------------------------------------------------------------
Top-1 Accuracy: 0.9606 (96.06%%)
Top-5 Accuracy: 0.9964 (99.64%%)
Test Set Size:  3600 images
Num Classes:    36

              precision    recall  f1-score   support

           0     0.9709    1.0000    0.9852       100
           1     0.9800    0.9800    0.9800       100
           2     0.8958    0.8600    0.8776       100
           3     0.9694    0.9500    0.9596       100
           4     0.9423    0.9800    0.9608       100
           5     1.0000    0.9900    0.9950       100
           6     0.9245    0.9800    0.9515       100
           7     0.9694    0.9500    0.9596       100
           8     0.9429    0.9900    0.9659       100
           9     0.9899    0.9800    0.9849       100
           A     0.9898    0.9700    0.9798       100
           B     0.9684    0.9200    0.9436       100
           C     1.0000    0.9900    0.9950       100
           D     1.0000    0.9600    0.9796       100
           E     0.9800    0.9800    0.9800       100
           F     0.8909    0.9800    0.9333       100
           G     1.0000    1.0000    1.0000       100
           H     0.9804    1.0000    0.9901       100
           I     0.9381    0.9100    0.9239       100
           J     1.0000    0.9500    0.9744       100
           K     0.9126    0.9400    0.9261       100
           L     0.9896    0.9500    0.9694       100
           M     0.9434    1.0000    0.9709       100
           N     0.9706    0.9900    0.9802       100
           O     0.9706    0.9900    0.9802       100
           P     0.9612    0.9900    0.9754       100
           Q     0.9802    0.9900    0.9851       100
           R     0.9688    0.9300    0.9490       100
           S     0.9694    0.9500    0.9596       100
           T     0.9700    0.9700    0.9700       100
           U     0.9247    0.8600    0.8912       100
           V     0.8462    0.8800    0.8627       100
           W     0.9681    0.9100    0.9381       100
           X     0.9223    0.9500    0.9360       100
           Y     0.9700    0.9700    0.9700       100
           Z     1.0000    0.9900    0.9950       100

    accuracy                         0.9606      3600
   macro avg     0.9611    0.9606    0.9605      3600
weighted avg     0.9611    0.9606    0.9605      3600

