STAGE 3.1 - DETAILED PER-CLASS PERFORMANCE - ResNet18
======================================================================

OVERALL METRICS
----------------------------------------------------------------------
Top-1 Accuracy: 0.9944 (99.44%%)
Top-5 Accuracy: 0.9994 (99.94%%)
Test Set Size:  3600 images
Num Classes:    36

              precision    recall  f1-score   support

           0     1.0000    1.0000    1.0000       100
           1     0.9901    1.0000    0.9950       100
           2     0.9223    0.9500    0.9360       100
           3     1.0000    1.0000    1.0000       100
           4     1.0000    1.0000    1.0000       100
           5     1.0000    1.0000    1.0000       100
           6     1.0000    1.0000    1.0000       100
           7     1.0000    1.0000    1.0000       100
           8     1.0000    1.0000    1.0000       100
           9     1.0000    1.0000    1.0000       100
           A     1.0000    0.9900    0.9950       100
           B     1.0000    1.0000    1.0000       100
           C     1.0000    0.9900    0.9950       100
           D     1.0000    0.9900    0.9950       100
           E     1.0000    1.0000    1.0000       100
           F     1.0000    1.0000    1.0000       100
           G     1.0000    1.0000    1.0000       100
           H     1.0000    1.0000    1.0000       100
           I     1.0000    1.0000    1.0000       100
           J     0.9804    1.0000    0.9901       100
           K     1.0000    1.0000    1.0000       100
           L     1.0000    0.9900    0.9950       100
           M     1.0000    1.0000    1.0000       100
           N     1.0000    1.0000    1.0000       100
           O     0.9901    1.0000    0.9950       100
           P     1.0000    1.0000    1.0000       100
           Q     1.0000    1.0000    1.0000       100
           R     1.0000    1.0000    1.0000       100
           S     0.9802    0.9900    0.9851       100
           T     1.0000    1.0000    1.0000       100
           U     1.0000    1.0000    1.0000       100
           V     0.9394    0.9300    0.9347       100
           W     1.0000    0.9700    0.9848       100
           X     1.0000    1.0000    1.0000       100
           Y     1.0000    1.0000    1.0000       100
           Z     1.0000    1.0000    1.0000       100

    accuracy                         0.9944      3600
   macro avg     0.9945    0.9944    0.9945      3600
weighted avg     0.9945    0.9944    0.9945      3600

