STAGE 3.1 - DETAILED PER-CLASS PERFORMANCE - VGG16
======================================================================

OVERALL METRICS
----------------------------------------------------------------------
Top-1 Accuracy: 0.8642 (86.42%%)
Top-5 Accuracy: 0.9736 (97.36%%)
Test Set Size:  3600 images
Num Classes:    36

              precision    recall  f1-score   support

           0     0.9592    0.9400    0.9495       100
           1     0.8922    0.9100    0.9010       100
           2     0.7229    0.6000    0.6557       100
           3     0.9604    0.9700    0.9652       100
           4     0.9510    0.9700    0.9604       100
           5     1.0000    0.9800    0.9899       100
           6     0.7105    0.8100    0.7570       100
           7     0.8273    0.9100    0.8667       100
           8     0.8687    0.8600    0.8643       100
           9     0.9560    0.8700    0.9110       100
           A     0.8257    0.9000    0.8612       100
           B     0.7872    0.7400    0.7629       100
           C     0.9674    0.8900    0.9271       100
           D     0.9681    0.9100    0.9381       100
           E     0.9355    0.8700    0.9016       100
           F     0.8158    0.9300    0.8692       100
           G     1.0000    1.0000    1.0000       100
           H     0.9238    0.9700    0.9463       100
           I     0.8444    0.7600    0.8000       100
           J     0.9882    0.8400    0.9081       100
           K     0.8241    0.8900    0.8558       100
           L     0.9020    0.9200    0.9109       100
           M     0.7982    0.8700    0.8325       100
           N     0.8454    0.8200    0.8325       100
           O     0.8878    0.8700    0.8788       100
           P     0.8962    0.9500    0.9223       100
           Q     0.9300    0.9300    0.9300       100
           R     0.8317    0.8400    0.8358       100
           S     0.6552    0.7600    0.7037       100
           T     0.9252    0.9900    0.9565       100
           U     0.7176    0.6100    0.6595       100
           V     0.6087    0.5600    0.5833       100
           W     0.6545    0.7200    0.6857       100
           X     0.9175    0.8900    0.9036       100
           Y     0.9677    0.9000    0.9326       100
           Z     0.9143    0.9600    0.9366       100

    accuracy                         0.8642      3600
   macro avg     0.8661    0.8642    0.8638      3600
weighted avg     0.8661    0.8642    0.8638      3600

