STAGE 3.1 - DETAILED PER-CLASS PERFORMANCE - MobileNetV2
======================================================================

OVERALL METRICS
----------------------------------------------------------------------
Top-1 Accuracy: 0.9742 (97.42%%)
Top-5 Accuracy: 0.9981 (99.81%%)
Test Set Size:  3600 images
Num Classes:    36

              precision    recall  f1-score   support

           0     1.0000    0.9800    0.9899       100
           1     0.9901    1.0000    0.9950       100
           2     0.8426    0.9100    0.8750       100
           3     0.9900    0.9900    0.9900       100
           4     0.9709    1.0000    0.9852       100
           5     1.0000    0.9900    0.9950       100
           6     0.9691    0.9400    0.9543       100
           7     0.9700    0.9700    0.9700       100
           8     0.9900    0.9900    0.9900       100
           9     0.9800    0.9800    0.9800       100
           A     0.9898    0.9700    0.9798       100
           B     0.9697    0.9600    0.9648       100
           C     1.0000    0.9900    0.9950       100
           D     1.0000    0.9900    0.9950       100
           E     0.9798    0.9700    0.9749       100
           F     0.9706    0.9900    0.9802       100
           G     1.0000    1.0000    1.0000       100
           H     0.9899    0.9800    0.9849       100
           I     0.9898    0.9700    0.9798       100
           J     1.0000    0.9700    0.9848       100
           K     1.0000    0.9700    0.9848       100
           L     0.9899    0.9800    0.9849       100
           M     0.9524    1.0000    0.9756       100
           N     0.9899    0.9800    0.9849       100
           O     0.9709    1.0000    0.9852       100
           P     0.9804    1.0000    0.9901       100
           Q     0.9900    0.9900    0.9900       100
           R     0.9485    0.9200    0.9340       100
           S     0.9703    0.9800    0.9751       100
           T     1.0000    0.9900    0.9950       100
           U     0.9412    0.9600    0.9505       100
           V     0.8800    0.8800    0.8800       100
           W     0.9200    0.9200    0.9200       100
           X     0.9901    1.0000    0.9950       100
           Y     1.0000    0.9600    0.9796       100
           Z     0.9709    1.0000    0.9852       100

    accuracy                         0.9742      3600
   macro avg     0.9746    0.9742    0.9743      3600
weighted avg     0.9746    0.9742    0.9743      3600

