STAGE 3.1 - DETAILED PER-CLASS PERFORMANCE - DenseNet201
======================================================================

OVERALL METRICS
----------------------------------------------------------------------
Top-1 Accuracy: 0.9781 (97.81%%)
Top-5 Accuracy: 0.9986 (99.86%%)
Test Set Size:  3600 images
Num Classes:    36

              precision    recall  f1-score   support

           0     1.0000    1.0000    1.0000       100
           1     0.9709    1.0000    0.9852       100
           2     0.8785    0.9400    0.9082       100
           3     1.0000    0.9900    0.9950       100
           4     0.9709    1.0000    0.9852       100
           5     0.9802    0.9900    0.9851       100
           6     0.9608    0.9800    0.9703       100
           7     0.9796    0.9600    0.9697       100
           8     0.9798    0.9700    0.9749       100
           9     1.0000    1.0000    1.0000       100
           A     0.9796    0.9600    0.9697       100
           B     0.9703    0.9800    0.9751       100
           C     1.0000    0.9800    0.9899       100
           D     1.0000    0.9900    0.9950       100
           E     1.0000    0.9700    0.9848       100
           F     0.9524    1.0000    0.9756       100
           G     1.0000    1.0000    1.0000       100
           H     0.9900    0.9900    0.9900       100
           I     0.9505    0.9600    0.9552       100
           J     1.0000    0.9600    0.9796       100
           K     0.9898    0.9700    0.9798       100
           L     0.9802    0.9900    0.9851       100
           M     0.9901    1.0000    0.9950       100
           N     0.9900    0.9900    0.9900       100
           O     0.9901    1.0000    0.9950       100
           P     0.9901    1.0000    0.9950       100
           Q     1.0000    1.0000    1.0000       100
           R     0.9691    0.9400    0.9543       100
           S     0.9515    0.9800    0.9655       100
           T     0.9901    1.0000    0.9950       100
           U     0.9485    0.9200    0.9340       100
           V     0.9091    0.9000    0.9045       100
           W     0.9688    0.9300    0.9490       100
           X     1.0000    0.9900    0.9950       100
           Y     0.9899    0.9800    0.9849       100
           Z     1.0000    1.0000    1.0000       100

    accuracy                         0.9781      3600
   macro avg     0.9783    0.9781    0.9781      3600
weighted avg     0.9783    0.9781    0.9781      3600

